,built_area,modul_price,weeks_delay,weeks_duration,typology
0,55.43771902542895,1343.0155311290064,33,42,DETACHED
1,169.39788231557205,1019.8645348992517,49,66,DETACHED
2,74.44101189569237,812.2268133203819,13,23,DETACHED
3,617.2430750220974,1461.9731049000297,6,44,OTHERS
4,395.41581188713945,978.315892338582,20,19,DETACHED
5,99.4597425952593,1265.0933407865587,37,19,DETACHED
6,172.48573976852035,724.8789327976702,23,26,DETACHED
7,88.71197442803292,977.4261707969607,19,26,DETACHED
8,113.15245649002622,1307.2117450910878,31,14,DETACHED
9,106.54560236078639,834.2484321184363,19,25,DETACHED
10,214.24143236992273,1006.4416737799552,40,41,DETACHED
11,166.92370387551856,1191.4004899798497,3,24,DETACHED
12,172.28843401593724,1262.8797944298258,36,28,DETACHED
13,214.3195034701613,836.702572589394,7,13,DETACHED
14,194.4103349139264,915.039852893187,30,24,DETACHED
15,445.5421971198957,476.0172449497943,3,31,DETACHED
16,664.6500137463099,739.8697309952047,16,56,OTHERS
17,416.041013189618,516.6684434267536,9,46,DETACHED
18,181.87972033586107,574.8635635463182,3,45,DETACHED
19,85.06688230682963,866.1346495115132,12,55,OTHERS
20,490.55597480474376,643.8890735627173,19,28,COLLECTIVE
21,693.9936362491297,894.9452534565778,0,32,OTHERS
22,328.99903365326213,906.4506862656374,8,27,OTHERS
23,128.28141540477984,967.5678692354478,2,36,DETACHED
24,7711.90994735392,808.0429322646308,15,59,COLLECTIVE
25,7258.574111260556,966.1983577511007,37,88,COLLECTIVE
26,8349.510414336622,986.8092836358961,29,42,COLLECTIVE
27,4851.5809827970725,985.2959527022275,35,77,COLLECTIVE
28,4161.8324987800825,1010.1802961928066,53,55,COLLECTIVE
29,10808.686039052849,976.6565445734428,34,54,OTHERS
30,2211.1271197620636,1030.2308024112313,17,90,OTHERS
31,1818.9366953703957,866.3815877381119,46,36,COLLECTIVE
32,7055.11011857443,730.3924437382923,52,80,OTHERS
33,10571.93840589259,1370.3210061428074,52,116,COMMERCIAL
34,6797.760463302426,987.9593119996948,39,82,COLLECTIVE
35,3270.4752223860787,963.5581133453022,11,83,OTHERS
36,5553.554511466615,702.4507208592944,33,79,COLLECTIVE
37,4964.722610933882,1150.595995055449,49,67,OTHERS
38,5641.396200741068,741.8675753311521,14,32,COLLECTIVE
39,2944.7808723732464,739.0749017892222,31,38,COLLECTIVE
40,3475.8112245278307,906.4191767315932,39,82,OTHERS
41,4136.251855458413,1187.0746173936755,15,52,COLLECTIVE
42,1716.3850358822438,1312.3447513593014,34,109,COLLECTIVE
43,9661.222627614587,525.3068375645713,22,43,COMMERCIAL
44,10052.130191349635,1044.768066121128,38,87,OTHERS
45,6681.694538171256,667.1401488727404,40,85,COLLECTIVE
46,5174.37224561534,827.1148381384685,16,51,OTHERS
47,14024.797965101297,1028.2335807331224,43,33,COLLECTIVE
48,9658.034244020893,1553.058829362509,39,38,COLLECTIVE
49,7130.630630648322,1108.8281806960686,31,78,COLLECTIVE
50,7683.166304059397,790.8068541274095,17,85,COLLECTIVE
51,106.35393792840205,904.2311662672361,85,89,DETACHED
52,1931.3920411718282,1074.955781288666,35,49,COLLECTIVE
53,9906.978153833432,674.8513042699875,34,93,COLLECTIVE
54,8691.028768796914,1100.0719765626143,22,58,OTHERS
55,6660.031184137489,735.180752319477,15,99,OTHERS
56,2696.32065044417,878.1871087249175,29,66,OTHERS
57,1827.3757257228285,957.6586747377237,58,54,COLLECTIVE
58,13086.096674009204,695.2609732021358,7,56,OTHERS
59,8188.7093935548255,591.3758710524544,15,56,COLLECTIVE
60,9043.454379237712,515.1649502759908,51,77,COMMERCIAL
61,10577.663558527873,1019.7050584146315,20,69,OTHERS
62,6287.079185019977,912.5379254341511,39,44,COLLECTIVE
63,5373.115839950667,567.1104560847589,45,81,COLLECTIVE
64,3471.2686552748532,1032.99364851306,26,43,OTHERS
65,2329.0518508821046,455.4032822105259,55,80,COLLECTIVE
66,8905.63223864241,980.2745145782294,26,70,OTHERS
67,2223.267573946617,1034.528581406201,76,26,COLLECTIVE
68,6697.157878989059,1193.0334583233018,55,55,COLLECTIVE
69,7390.341974297853,951.0653782327831,23,111,OTHERS
70,9141.412700776133,901.1553146576279,22,54,COLLECTIVE
71,742.8722572721827,523.745702149999,20,44,COLLECTIVE
72,3141.644581245921,938.281200202025,27,85,COLLECTIVE
73,4891.2374694460295,849.644665441409,29,96,COLLECTIVE
74,4260.561987629519,904.5454521523878,22,57,COLLECTIVE
75,8499.949600210071,694.5219810172156,37,25,COLLECTIVE
76,1147.6251265864876,1232.4831664913434,17,19,COLLECTIVE
77,12782.53128354583,966.0519096961303,2,58,COLLECTIVE
78,11229.940524809135,804.1610594475593,31,37,COMMERCIAL
79,6292.548629052982,1273.3506334181425,19,72,COLLECTIVE
80,1607.6113038198137,633.8025821627776,17,86,COLLECTIVE
81,5453.048029174538,731.6024453220189,17,64,COMMERCIAL
82,3663.764158857555,1145.3896773713243,13,30,OTHERS
83,9012.776982272995,269.7045545926329,38,26,OTHERS
84,9872.601523944157,1052.0292597066575,13,28,COMMERCIAL
85,8424.33607525059,302.609107213625,11,85,OTHERS
86,9262.39514930953,1082.8382260111603,14,45,OTHERS
87,4452.553722335905,645.193217203492,25,24,OTHERS
88,6477.481892544634,750.1627031341374,14,94,OTHERS
89,2879.466284038924,639.9327400690065,5,53,COLLECTIVE
90,2577.5416970833103,819.685346354745,1,97,COLLECTIVE
91,7403.665399011021,768.665622204868,26,91,COMMERCIAL
92,4451.824051167554,756.6174267266595,11,45,COLLECTIVE
93,6764.40720744936,660.597089550739,8,100,COLLECTIVE
94,2599.3169392280606,554.7310709226651,5,34,COLLECTIVE
95,6162.058896292942,604.8686609052243,16,74,COLLECTIVE
96,2169.426343145966,1072.6594069692437,13,46,COLLECTIVE
97,7392.693220861514,1110.037257390541,15,75,COLLECTIVE
98,4042.4402183030143,834.7428230420876,18,40,OTHERS
99,4411.912901075942,742.3096125851998,5,79,OTHERS
100,1029.5454934729637,933.8950414176803,25,72,COLLECTIVE
101,3780.076919377515,582.2946228372881,27,22,OTHERS
102,3275.826729689582,958.4803524150351,11,98,OTHERS
103,5130.738837847549,936.3293811030279,28,80,OTHERS
104,2001.8997117717095,1100.7592066069697,5,66,OTHERS
105,3404.559786291149,984.417058438404,19,46,OTHERS
106,2607.0769349947213,1146.0064787546967,17,102,COLLECTIVE
107,7312.614513282112,946.7662885118743,25,49,COMMERCIAL
108,2892.235634995654,791.2252717961487,23,125,OTHERS
109,1672.513563902201,377.7807968311722,35,26,COLLECTIVE
110,1685.123881632146,955.0634526893192,21,59,COLLECTIVE
111,3099.226194457149,414.9069521215499,21,76,OTHERS
112,1957.2091845703924,1492.3337778043506,16,97,OTHERS
113,728.9543583262835,715.9982378757685,14,75,COLLECTIVE
114,4621.901435130649,942.3264610136414,26,108,COLLECTIVE
115,2547.65282685125,575.2860665035164,14,57,COLLECTIVE
116,6511.668515604291,703.2465456033159,6,42,COLLECTIVE
117,4273.208296825331,545.6080306938146,3,49,OTHERS
118,7801.907873531216,502.86630656287224,29,77,COLLECTIVE
119,6476.050833944098,796.0548596394322,28,118,COLLECTIVE
120,3756.638969549638,647.8155861206003,19,32,COLLECTIVE
121,1360.9776157047681,767.526457654351,6,82,COLLECTIVE
122,4772.404061876167,694.5634297934168,9,89,OTHERS
123,5271.419350880368,1207.5528507431495,16,100,COLLECTIVE
124,1659.2216463520376,665.6168126821163,22,46,COLLECTIVE
125,1629.9492410101375,1097.1183786492488,22,55,COLLECTIVE
126,6927.53370335432,319.1280881190284,25,124,OTHERS
127,7103.347072894274,479.0464544900073,41,95,COMMERCIAL
128,6061.226778695849,1014.6319453633464,20,82,OTHERS
129,5667.568976656959,283.7158201651911,11,108,COLLECTIVE
130,3309.0669658040297,884.6099497333063,21,93,OTHERS
131,3205.10440246222,630.902290212153,21,61,COLLECTIVE
132,4493.394031551951,989.2180289744203,13,51,COLLECTIVE
133,4119.858303722179,500.683079538724,21,106,COLLECTIVE
134,5070.654348525742,794.2021623969827,3,33,COLLECTIVE
135,4919.293910558699,606.8801443897612,17,67,OTHERS
136,2111.73179525826,1338.2136453662492,19,74,COLLECTIVE
137,4182.151861324005,569.2497473640624,4,52,OTHERS
138,4624.033383652746,301.9215874121612,22,76,OTHERS
139,5310.448650848634,644.7654143507208,8,57,COMMERCIAL
140,7104.436475006437,672.5070150780784,43,63,COLLECTIVE
141,11023.451561687842,355.3998891704065,0,58,COLLECTIVE
142,6023.17030085304,753.1883962165903,14,83,COLLECTIVE
143,7071.331393097232,439.26136166261807,16,55,COMMERCIAL
144,10288.70871586974,570.7506486351358,26,78,COLLECTIVE
145,11928.157326544233,300.7673587773252,13,63,COMMERCIAL
146,6530.069383774946,751.2395051751413,10,122,OTHERS
147,10074.36901073681,405.22008838216266,11,95,OTHERS
148,8411.661195950668,528.0607003500817,10,75,COLLECTIVE
149,9606.191691467779,861.5869905373328,18,63,OTHERS
150,10246.292563010296,513.8180425445335,9,72,COLLECTIVE
151,11982.474109009772,662.7935165096623,6,44,COMMERCIAL
152,5334.080975698844,933.4191830779012,17,62,COMMERCIAL
153,4816.951153461694,575.5120277261719,17,69,OTHERS
154,7277.901017467024,644.713038957318,9,63,OTHERS
155,12248.75691190941,904.1309038648853,1,29,COLLECTIVE
156,10082.351098306779,516.4047454336855,15,43,COLLECTIVE
157,8060.497208730127,824.8172377143657,9,96,COMMERCIAL
158,9225.53963719783,560.3436383650657,17,89,COLLECTIVE
159,7467.474436852789,374.195284407253,18,56,COMMERCIAL
160,8561.058861412974,868.3725384925874,25,89,COMMERCIAL
161,7795.502177361136,497.3647697926856,22,81,COMMERCIAL
162,9384.848065035201,1086.2688847407703,31,42,COLLECTIVE
163,6478.795119227693,862.6774030126206,9,53,OTHERS
164,7807.45958999596,465.1407360711619,13,84,COLLECTIVE
165,9408.03788783496,869.6839322883322,22,49,OTHERS
166,12339.673237699386,1087.2649066256158,36,63,COLLECTIVE
167,15439.429272874302,883.6028286164014,34,54,COLLECTIVE
168,17165.05892477514,327.94255333259736,1,64,COLLECTIVE
169,34976.94075496667,1057.4123539942534,43,60,OTHERS
170,11762.513774192554,841.2081731835669,8,38,COLLECTIVE
171,14888.567207318003,562.6654274933234,22,51,OTHERS
172,24874.3335635862,661.4087781266315,32,49,COLLECTIVE
173,12286.923597031591,888.2482890023689,25,76,COMMERCIAL
174,8584.438760391426,827.2706161401877,19,55,OTHERS
175,16075.603326331875,472.5561059800928,32,29,COLLECTIVE
176,14342.659373075854,636.9211249409599,20,58,COLLECTIVE
177,18946.430487518563,739.4128003761379,33,66,COLLECTIVE
178,10996.203504729063,730.2332259779876,28,94,OTHERS
179,19566.15601052929,721.8469216725726,35,54,COLLECTIVE
180,7558.649818957771,738.4549534409174,31,49,COLLECTIVE
181,20143.525279255657,731.0931906728487,31,74,OTHERS
182,11940.290980019323,550.738810865305,19,98,COMMERCIAL
183,14322.568603168507,936.4090289250486,30,28,COLLECTIVE
184,21272.38209840201,718.9892279743507,33,70,COLLECTIVE
185,10534.465208935555,524.5792825070397,30,90,OTHERS
186,14311.201481524651,1212.1204118858057,25,95,COLLECTIVE
187,6278.7630862789565,639.7366164002232,27,73,COLLECTIVE
188,552.507279844911,617.5001926062058,21,46,COLLECTIVE
189,21252.69406528319,409.0485657783347,29,70,OTHERS
190,11294.964828919132,413.6461715896789,28,43,COMMERCIAL
191,27597.568202605737,884.1750253794756,38,50,OTHERS
192,9471.091371485687,615.0571931893917,14,76,OTHERS
193,7315.5491492856845,630.0846864827688,39,91,COMMERCIAL
194,12159.614126292496,487.118297186357,29,56,OTHERS
195,18375.059073937475,817.2978649988463,17,65,COLLECTIVE
196,18620.349030303405,795.3923397163417,30,73,OTHERS
197,7538.939487414416,571.5444364283453,24,59,COLLECTIVE
198,18734.05873651522,662.8023519543297,26,39,OTHERS
199,12699.24710463696,887.9769303305758,22,65,COLLECTIVE
200,10143.531720561525,1011.8045821230189,20,75,COLLECTIVE
201,13536.028199693581,916.7887558219703,24,70,OTHERS
202,10415.184181582565,659.6121453809737,38,46,OTHERS
203,6625.125167751608,865.7826605658139,31,53,COLLECTIVE
204,6113.203541480506,989.3948504964851,25,60,COLLECTIVE
205,15580.995876570141,330.1685774283993,5,83,OTHERS
206,15050.74257231168,794.325468530369,31,58,OTHERS
207,12542.789071596715,909.2551583996619,17,59,COMMERCIAL
208,11126.814277540483,777.4298155455663,18,59,COLLECTIVE
209,25381.81707603826,569.1010312947079,30,63,OTHERS
210,16615.105971221394,624.6774880450063,11,86,COLLECTIVE
211,7757.017621834775,1011.5693807456673,24,52,OTHERS
212,10440.84933215952,705.0909215216237,24,103,COLLECTIVE
213,13072.530677263796,710.2422860506709,21,74,OTHERS
214,24368.376964301762,567.7283079093322,28,85,OTHERS
215,20106.364556489643,639.0281867518313,28,42,OTHERS
216,7416.353473749346,802.4386582730081,30,55,OTHERS
217,20859.4849749239,754.3078434584336,38,45,COMMERCIAL
218,22575.63139793982,786.9706964084472,14,36,COLLECTIVE
219,9179.951030422435,640.161642028807,20,86,COLLECTIVE
220,9984.348107401207,682.7600474435442,22,59,OTHERS
221,18925.558164454967,923.9342231388912,16,31,OTHERS
222,20328.139062078026,899.0223375677226,19,49,COMMERCIAL
